0 0.652840 0.321839 0.091975 0.100068
0 0.806132 0.382353 0.185753 0.146721
1 0.628494 0.437458 0.045086 0.062204
0 0.666366 0.528059 0.274121 0.181204
0 0.496844 0.429006 0.140667 0.207573
1 0.393598 0.307640 0.134355 0.185260
1 0.362489 0.412103 0.198377 0.361731
0 0.549143 0.624746 0.144274 0.143340
0 0.446348 0.691007 0.108206 0.196078
1 0.132552 0.377958 0.117223 0.070318
1 0.139315 0.454023 0.150586 0.073698
0 0.149684 0.559162 0.192967 0.083840
1 0.244815 0.650778 0.114518 0.039892
0 0.252480 0.780257 0.167719 0.114943
