0 0.465284 0.156187 0.212804 0.074375
0 0.172227 0.209601 0.090171 0.166329
1 0.463931 0.234956 0.157800 0.110210
1 0.599639 0.298174 0.088368 0.108181
1 0.438683 0.340771 0.193868 0.071670
1 0.429216 0.353279 0.039675 0.065585
0 0.279080 0.387086 0.168620 0.165652
1 0.838142 0.374239 0.150586 0.069642
1 0.713255 0.468222 0.176736 0.138607
1 0.932822 0.501014 0.076646 0.169033
1 0.551398 0.464503 0.045987 0.164976
1 0.487827 0.501352 0.046889 0.156187
1 0.641118 0.596011 0.066727 0.123732
0 0.194770 0.514875 0.126240 0.168357
0 0.291253 0.607167 0.187556 0.133874
0 0.295311 0.707573 0.197475 0.160243
0 0.148783 0.824544 0.090171 0.202164
0 0.486023 0.877620 0.090171 0.093306
0 0.597836 0.750169 0.162308 0.112914
0 0.813345 0.697769 0.198377 0.104124
