0 0.422904 0.136579 0.194770 0.064909
0 0.153291 0.230899 0.124436 0.150778
1 0.268260 0.324206 0.045987 0.115619
1 0.348061 0.299527 0.048693 0.066261
1 0.428314 0.313387 0.164112 0.080460
1 0.629847 0.319473 0.074842 0.072346
1 0.734896 0.344151 0.135257 0.068966
1 0.669522 0.387424 0.143372 0.031102
1 0.615870 0.426302 0.153291 0.123732
1 0.473850 0.422245 0.042381 0.144016
1 0.416592 0.455037 0.045086 0.137931
0 0.157349 0.472617 0.116321 0.151454
0 0.242561 0.550372 0.156898 0.113590
0 0.247069 0.633198 0.167719 0.134550
0 0.549143 0.539554 0.055906 0.108181
1 0.701533 0.583840 0.072137 0.098039
0 0.682597 0.626775 0.144274 0.082488
0 0.497295 0.667681 0.112714 0.088573
0 0.120379 0.727181 0.087466 0.162948
0 0.402164 0.772819 0.073940 0.071670
0 0.536069 0.834686 0.116321 0.122380
0 0.626691 0.773158 0.084761 0.068289
0 0.798016 0.843813 0.137060 0.102772
0 0.871055 0.759973 0.173129 0.102772
