0 0.397205 0.189655 0.186655 0.061528
0 0.165915 0.263016 0.066727 0.131170
1 0.403517 0.256930 0.141569 0.078431
1 0.512624 0.288709 0.060415 0.113590
1 0.754283 0.338742 0.145176 0.051386
1 0.370604 0.352265 0.055906 0.067613
1 0.388638 0.346180 0.167719 0.048682
0 0.252931 0.395199 0.145176 0.139959
1 0.438683 0.474983 0.045987 0.135903
1 0.494590 0.441515 0.038774 0.141988
1 0.638864 0.435429 0.172227 0.116295
1 0.859784 0.447600 0.074842 0.154158
1 0.582507 0.551386 0.045086 0.116971
0 0.189360 0.505071 0.104599 0.147397
0 0.270965 0.574713 0.154193 0.114943
0 0.279531 0.658553 0.169522 0.140636
0 0.156447 0.761663 0.083859 0.165652
0 0.443643 0.795808 0.086564 0.067613
0 0.529757 0.675456 0.114518 0.089249
0 0.725428 0.623732 0.134355 0.095335
