0 0.381425 0.176809 0.212804 0.066937
0 0.115419 0.280257 0.133454 0.161596
1 0.550947 0.339757 0.122633 0.142664
1 0.408927 0.367140 0.177638 0.083840
1 0.247069 0.381339 0.036069 0.124408
1 0.341298 0.445233 0.051398 0.038540
1 0.397205 0.519270 0.047791 0.141988
1 0.459423 0.484449 0.049594 0.149425
1 0.589270 0.475321 0.168620 0.128465
1 0.666817 0.454699 0.150586 0.049358
0 0.687106 0.571670 0.128043 0.162948
1 0.821010 0.593644 0.074842 0.158215
1 0.536519 0.611224 0.054103 0.112238
1 0.708747 0.665652 0.153291 0.026369
0 0.120830 0.544287 0.119026 0.158215
0 0.215059 0.626099 0.174031 0.120352
0 0.219567 0.713320 0.172227 0.141988
0 0.091524 0.808993 0.083859 0.175118
0 0.454463 0.820487 0.117223 0.165652
0 0.525248 0.802907 0.083859 0.118323
0 0.610911 0.849899 0.107304 0.178499
0 0.710550 0.764030 0.111812 0.177147
0 0.789450 0.757606 0.069432 0.112914
