0 0.398106 0.218053 0.184851 0.054767
0 0.151939 0.274172 0.071235 0.138607
1 0.405320 0.281271 0.141569 0.085193
1 0.525699 0.317444 0.066727 0.110210
1 0.390893 0.368830 0.174031 0.053414
1 0.380974 0.372887 0.035167 0.070994
1 0.743913 0.382353 0.142471 0.057471
0 0.253832 0.411089 0.150586 0.146045
0 0.181244 0.524679 0.115419 0.159567
0 0.274121 0.603786 0.169522 0.124408
1 0.448151 0.503381 0.045086 0.141312
1 0.504058 0.467884 0.045086 0.139283
1 0.644274 0.465517 0.174031 0.115619
1 0.594229 0.581136 0.043282 0.115619
1 0.850316 0.487830 0.081154 0.146721
0 0.760595 0.655510 0.166817 0.098039
0 0.563571 0.709601 0.137060 0.096687
0 0.286294 0.692360 0.179441 0.152806
0 0.145176 0.807978 0.090171 0.187965
0 0.471596 0.839419 0.084761 0.069642
