0 0.422453 0.137255 0.215509 0.081136
0 0.142020 0.229209 0.148783 0.169033
1 0.269161 0.342461 0.042381 0.129141
1 0.440036 0.337052 0.180343 0.093982
1 0.574391 0.314740 0.140667 0.139959
1 0.373760 0.406356 0.053201 0.048682
1 0.425158 0.491210 0.055005 0.145368
1 0.486474 0.459094 0.056808 0.156863
1 0.623986 0.453685 0.162308 0.135227
1 0.690261 0.433739 0.143372 0.052062
0 0.139766 0.508790 0.131650 0.168357
0 0.233544 0.597701 0.182146 0.124408
0 0.713706 0.549358 0.127142 0.162948
1 0.837692 0.571670 0.082958 0.158891
1 0.723625 0.644692 0.148783 0.019608
1 0.563120 0.587221 0.064022 0.112914
0 0.235347 0.689655 0.185753 0.148749
0 0.090171 0.788371 0.088368 0.183908
0 0.477006 0.797836 0.120830 0.166329
0 0.549594 0.777890 0.091073 0.123732
0 0.632552 0.826910 0.112714 0.178499
0 0.726781 0.739351 0.113616 0.172414
0 0.802074 0.733266 0.062218 0.107505
