0 0.356628 0.159229 0.228133 0.072346
1 0.365194 0.249831 0.165915 0.111562
0 0.092426 0.244422 0.094680 0.157539
1 0.352119 0.363421 0.190261 0.062880
1 0.327773 0.392157 0.071235 0.032454
1 0.486925 0.336038 0.072137 0.056795
1 0.747069 0.372549 0.152390 0.067613
0 0.204238 0.419540 0.165014 0.148073
1 0.407124 0.511494 0.044184 0.142664
1 0.461677 0.477688 0.041479 0.153482
1 0.611812 0.478702 0.168620 0.129817
1 0.824617 0.506761 0.069432 0.169709
1 0.545537 0.595335 0.046889 0.107505
0 0.155095 0.539892 0.104599 0.144016
0 0.238503 0.611562 0.152390 0.108857
0 0.255185 0.689655 0.147881 0.128465
0 0.150135 0.768763 0.087466 0.152806
0 0.403517 0.822853 0.080252 0.089249
0 0.480162 0.742055 0.112714 0.129141
0 0.669071 0.700811 0.117223 0.122380
