0 0.403517 0.140974 0.217313 0.072346
0 0.118575 0.208249 0.082056 0.166329
1 0.404418 0.224814 0.161407 0.111562
1 0.533814 0.292427 0.070334 0.092630
1 0.371055 0.351927 0.044184 0.054767
1 0.383679 0.333671 0.193868 0.066937
1 0.782687 0.354970 0.147881 0.064909
1 0.651939 0.454699 0.173129 0.131846
1 0.870604 0.484111 0.073039 0.167681
1 0.497295 0.452671 0.044184 0.157539
1 0.436880 0.488844 0.045987 0.148749
0 0.227232 0.389114 0.173129 0.171062
0 0.152390 0.510480 0.120830 0.159567
1 0.582507 0.583502 0.059513 0.124408
0 0.247520 0.597701 0.177638 0.125761
0 0.256087 0.688979 0.185753 0.151454
0 0.119928 0.795132 0.086564 0.183908
0 0.427863 0.844151 0.076646 0.092630
0 0.529306 0.728871 0.126240 0.113590
0 0.735798 0.677823 0.160505 0.104801
