0 0.446799 0.142326 0.213706 0.079108
0 0.166817 0.236308 0.144274 0.169709
1 0.610460 0.315754 0.122633 0.148749
1 0.467538 0.342123 0.188458 0.093306
1 0.295311 0.351251 0.044184 0.131846
1 0.395852 0.413117 0.048693 0.054091
1 0.448602 0.496619 0.053201 0.148073
1 0.514427 0.464841 0.055005 0.160243
1 0.650586 0.459432 0.165014 0.137255
1 0.723174 0.436444 0.153291 0.052062
0 0.744815 0.555781 0.133454 0.169033
1 0.875113 0.580798 0.087466 0.167681
1 0.587917 0.595673 0.064923 0.117647
1 0.761948 0.655172 0.158702 0.025693
0 0.844905 0.749155 0.068530 0.116295
0 0.764653 0.755916 0.113616 0.175794
0 0.662759 0.844151 0.115419 0.187289
0 0.577096 0.792765 0.084761 0.125085
0 0.502254 0.810683 0.122633 0.170385
0 0.161407 0.513523 0.124436 0.169709
0 0.251127 0.601420 0.170424 0.125085
0 0.259243 0.694050 0.192065 0.150778
0 0.116321 0.796822 0.095582 0.185936
