0 0.443192 0.216024 0.170424 0.056119
0 0.207845 0.266058 0.067628 0.134550
1 0.443643 0.280595 0.129847 0.086545
1 0.556808 0.324206 0.062218 0.093982
1 0.428314 0.364097 0.164112 0.056119
1 0.420649 0.370859 0.035167 0.058824
1 0.760144 0.383705 0.128043 0.056119
1 0.661858 0.461799 0.155095 0.112238
1 0.848512 0.487153 0.064923 0.141312
0 0.298918 0.406018 0.141569 0.142664
1 0.476555 0.491886 0.038774 0.130494
1 0.527953 0.463151 0.038774 0.136579
1 0.607755 0.569304 0.046889 0.104124
0 0.236700 0.510142 0.103697 0.148073
0 0.316501 0.582826 0.149684 0.108181
0 0.325518 0.665652 0.162308 0.138607
0 0.574391 0.689993 0.124436 0.085869
0 0.753832 0.643340 0.149684 0.083164
0 0.199729 0.763354 0.078449 0.166329
0 0.486474 0.798174 0.076646 0.065585
