0 0.456267 0.184584 0.182146 0.067613
0 0.186655 0.255578 0.119026 0.144692
1 0.298016 0.353955 0.038774 0.114266
1 0.384130 0.335362 0.046889 0.064909
1 0.460325 0.350913 0.139766 0.074375
1 0.647430 0.364435 0.102795 0.062204
1 0.720469 0.387086 0.119026 0.065585
1 0.666366 0.423259 0.120830 0.028398
1 0.494590 0.449966 0.040577 0.131846
1 0.437782 0.481406 0.044184 0.128465
0 0.190712 0.492901 0.105500 0.151454
0 0.276375 0.569980 0.157800 0.109533
1 0.561767 0.565923 0.055906 0.102772
0 0.279080 0.656187 0.165014 0.135903
0 0.532462 0.686275 0.139766 0.087897
0 0.697926 0.644692 0.151488 0.076403
1 0.697926 0.607505 0.064923 0.093982
0 0.148332 0.755240 0.083859 0.170385
0 0.436429 0.789723 0.081154 0.070318
0 0.570334 0.844151 0.141569 0.110210
0 0.642471 0.784652 0.098287 0.062880
0 0.797115 0.846180 0.147881 0.089926
0 0.858431 0.763692 0.174932 0.085869
1 0.621280 0.459432 0.140667 0.123732
