0 0.412534 0.167005 0.222723 0.074375
0 0.140667 0.274848 0.140667 0.168357
1 0.269161 0.378634 0.045987 0.127113
1 0.442290 0.369168 0.186655 0.086545
1 0.579802 0.340433 0.153291 0.141312
1 0.710550 0.456389 0.158702 0.047329
1 0.633003 0.484111 0.176736 0.139283
1 0.369702 0.446924 0.050496 0.041920
1 0.429216 0.525017 0.054103 0.149425
1 0.489630 0.490534 0.050496 0.158891
1 0.570784 0.621704 0.063120 0.119675
0 0.730388 0.580798 0.137060 0.177147
1 0.870604 0.605139 0.087466 0.169033
0 0.141569 0.548005 0.129847 0.164300
0 0.236249 0.632184 0.183950 0.121704
0 0.243012 0.726842 0.183048 0.154158
0 0.107755 0.824544 0.087466 0.183232
0 0.485122 0.839080 0.119026 0.173090
0 0.560866 0.822177 0.088368 0.127113
0 0.648332 0.871873 0.117223 0.185936
0 0.753381 0.784314 0.121731 0.186613
0 0.839946 0.776538 0.076646 0.122380
1 0.752480 0.680865 0.163210 0.024341
