0 0.452660 0.182218 0.239856 0.077755
1 0.447250 0.270791 0.164112 0.129141
0 0.138864 0.250507 0.106402 0.179175
1 0.420198 0.391143 0.191163 0.068289
1 0.581605 0.384381 0.077547 0.061528
1 0.816952 0.421569 0.138864 0.075051
1 0.410280 0.431711 0.039675 0.050710
1 0.671326 0.516903 0.148783 0.131846
1 0.522994 0.506423 0.052299 0.147397
1 0.465284 0.538878 0.050496 0.133874
1 0.857980 0.545301 0.074842 0.156187
1 0.591975 0.617985 0.067628 0.096011
0 0.267809 0.451995 0.171326 0.160243
0 0.212804 0.569642 0.100992 0.153482
0 0.296664 0.634212 0.146078 0.106829
0 0.307484 0.703178 0.151488 0.120352
0 0.197475 0.772819 0.081154 0.139283
0 0.448602 0.818120 0.062218 0.091954
0 0.534716 0.756930 0.106402 0.139959
0 0.708747 0.723124 0.133454 0.135903
