1 0.414337 0.289047 0.139766 0.196755
1 0.380523 0.394861 0.194770 0.367816
0 0.513526 0.411089 0.137962 0.213658
0 0.678088 0.300541 0.091975 0.102096
0 0.831830 0.363421 0.201082 0.154834
1 0.648783 0.417850 0.047791 0.060852
0 0.686655 0.512847 0.278629 0.184584
0 0.571235 0.606153 0.143372 0.141312
0 0.464382 0.673428 0.100992 0.196078
1 0.144725 0.359703 0.114518 0.073022
1 0.158251 0.436105 0.150586 0.075727
0 0.167719 0.539554 0.187556 0.083840
1 0.259693 0.631508 0.102795 0.039216
0 0.267358 0.762339 0.161407 0.114266
